Registrant Organization,Google LLC
Registrant State/Province,CA
Registrant Country,US
Registrant Email,Select Request Email Form at https://domains.markmonitor.com/whois/google.com
Admin Organization,Google LLC
Admin State/Province,CA
Admin Country,US
Admin Email,Select Request Email Form at https://domains.markmonitor.com/whois/google.com
Tech Organization,Google LLC
Tech State/Province,CA
Tech Country,US
Tech Email,Select Request Email Form at https://domains.markmonitor.com/whois/google.com
If you wish to contact this domain’s Registrant, Administrative, or Technical
